
10  0.0661153  
100  0.000816513  
1000  8.31665e-006  
10000  8.33134e-008  
10  0.0661153  
100  0.000816513  
1000  8.31665e-006  
10000  8.33134e-008  
2  0.573753  
4  0.275938  
8  0.0968282  
16  0.028343  
32  0.00761727  
64  0.00197005  
128  0.000500621  
256  0.000126159  
512  3.16647e-005  
1024  7.93175e-006  
2048  1.98488e-006  
4096  4.96462e-007  
8192  1.24144e-007  
16384  3.10332e-008  
32768  7.91111e-009  
2  0.573753  
4  0.275938  
8  0.0968282  
16  0.028343  
32  0.00761727  
64  0.00197005  
128  0.000500621  
256  0.000126159  
512  3.16647e-005  
1024  7.93175e-006  
2048  1.98488e-006  
4096  4.96462e-007  
8192  1.24144e-007  
16384  3.10332e-008  
32768  7.91111e-009  