
-1.09861  -0.555557  0.003
-1.60944  -1.28758  0.002
-2.19722  -2.33482  0.002
-2.83321  -3.56338  0.003
-3.49651  -4.87734  0.004
-4.17439  -6.22969  0.005
-4.85981  -7.59966  0.009
-5.54908  -8.97796  0.015
-6.24028  -10.3603  0.028
-6.93245  -11.7446  0.054
-7.62511  -13.13  0.103
-8.31801  -14.5158  0.206
-9.01104  -15.9018  0.411
-9.70412  -17.2882  0.841
-10.3972  -18.655  1.643
-1.09861  -0.555557  0.005
-1.60944  -1.28758  0.003
-2.19722  -2.33482  0.002
-2.83321  -3.56338  0.003
-3.49651  -4.87734  0.005
-4.17439  -6.22969  0.005
-4.85981  -7.59966  0.011
-5.54908  -8.97796  0.016
-6.24028  -10.3603  0.028
-6.93245  -11.7446  0.054
-7.62511  -13.13  0.107
-8.31801  -14.5158  0.201
-9.01104  -15.9018  0.405
-9.70412  -17.2882  0.823
-10.3972  -18.655  1.615